# gpu     fb   bar1   ccpm     sm    mem    enc    dec    jpg    ofa 
# Idx     MB     MB     MB      %      %      %      %      %      % 
    0      0      1      0      0      0      0      0      0      0 
    0      0      1      0      0      0      0      0      0      0 
    0      0      1      0      0      0      0      0      0      0 
    0      0      1      0      0      0      0      0      0      0 
    0      0      1      0      0      0      0      0      0      0 
    0      0      1      0      0      0      0      0      0      0 
    0      0      1      0      0      0      0      0      0      0 
    0      0      1      0      0      0      0      0      0      0 
    0    709    710      0      0      0      0      0      0      0 
    0   2929   2930      0      6      1      0      0      0      0 
    0   2931   2932      0      9      2      0      0      0      0 
    0   2933   2934      0      9      2      0      0      0      0 
    0   2935   2936      0      9      2      0      0      0      0 
    0   2939   2940      0      9      2      0      0      0      0 
    0   2941   2942      0     10      2      0      0      0      0 
    0   2943   2944      0     29      6      0      0      0      0 
    0   2943   2944      0     30      6      0      0      0      0 
    0   2943   2944      0     11      2      0      0      0      0 
    0   2943   2944      0     29      6      0      0      0      0 
    0   2943   2944      0     29      6      0      0      0      0 
    0   2943   2944      0     29      6      0      0      0      0 
    0   2943   2944      0     24      5      0      0      0      0 
    0   2943   2944      0     30      6      0      0      0      0 
    0   2943   2944      0     29      6      0      0      0      0 
    0   2943   2944      0     30      6      0      0      0      0 
    0   2943   2944      0     30      6      0      0      0      0 
    0   2943   2944      0     30      6      0      0      0      0 
    0   2943   2944      0     30      6      0      0      0      0 
    0   2943   2944      0     30      6      0      0      0      0 
    0   2963   2964      0     29      6      0      0      0      0 
    0   2963   2964      0     29      5      0      0      0      0 
    0   2963   2964      0     30      6      0      0      0      0 
    0   2963   2964      0     30      6      0      0      0      0 
    0   2963   2964      0     30      6      0      0      0      0 
    0   2963   2964      0     30      6      0      0      0      0 
