# gpu     fb   bar1   ccpm     sm    mem    enc    dec    jpg    ofa 
# Idx     MB     MB     MB      %      %      %      %      %      % 
    0      0      1      0      1      0      0      0      0      0 
    0      0      1      0      0      0      0      0      0      0 
    0      0      1      0      0      0      0      0      0      0 
    0      0      1      0      0      0      0      0      0      0 
    0      0      1      0      0      0      0      0      0      0 
    0      0      1      0      0      0      0      0      0      0 
    0      0      1      0      0      0      0      0      0      0 
    0      0      1      0      0      0      0      0      0      0 
    0      0      1      0      0      0      0      0      0      0 
    0      1      1      0      0      0      0      0      0      0 
    0   5766   5767      0     14      0      0      0      0      0 
    0  11598  11599      0     49      4      0      0      0      0 
    0  11712  11713      0     55      7      0      0      0      0 
    0  11720  11721      0     45      6      0      0      0      0 
    0  11732  11733      0     40      6      0      0      0      0 
    0  11742  11743      0     40      6      0      0      0      0 
    0  11750  11751      0     41      6      0      0      0      0 
    0  11760  11761      0     75     10      0      0      0      0 
    0  11762  11763      0    100     18      0      0      0      0 
    0  11762  11763      0    100     16      0      0      0      0 
    0  11762  11763      0    100     16      0      0      0      0 
    0  11762  11763      0    100     18      0      0      0      0 
    0  11762  11763      0    100     17      0      0      0      0 
    0  11762  11763      0    100     17      0      0      0      0 
    0  11762  11763      0    100     18      0      0      0      0 
    0  11762  11763      0    100     18      0      0      0      0 
    0  11762  11763      0    100     18      0      0      0      0 
    0  11762  11763      0    100     18      0      0      0      0 
    0  11762  11763      0    100     18      0      0      0      0 
    0  11762  11763      0    100     18      0      0      0      0 
    0  11762  11763      0    100     18      0      0      0      0 
    0  11762  11763      0    100     18      0      0      0      0 
    0  11762  11763      0    100     18      0      0      0      0 
    0  11782  11783      0    100     17      0      0      0      0 
    0  11822  11823      0    100     17      0      0      0      0 
    0  11842  11843      0    100     17      0      0      0      0 
    0  11842  11843      0    100     17      0      0      0      0 
    0  11842  11843      0    100     17      0      0      0      0 
    0  11842  11843      0    100     17      0      0      0      0 
    0  11842  11843      0    100     17      0      0      0      0 
    0  11842  11843      0    100     17      0      0      0      0 
    0  11842  11843      0    100     17      0      0      0      0 
    0  11842  11843      0    100     17      0      0      0      0 
    0  11842  11843      0     99     14      0      0      0      0 
# gpu     fb   bar1   ccpm     sm    mem    enc    dec    jpg    ofa 
# Idx     MB     MB     MB      %      %      %      %      %      % 
    0   8882   8883      0     29      5      0      0      0      0 
