# gpu     sm    mem    enc    dec    jpg    ofa 
# Idx      %      %      %      %      %      % 
    0      0      0      0      0      0      0 
    0      0      0      0      0      0      0 
    0      0      0      0      0      0      0 
    0      0      0      0      0      0      0 
    0      0      0      0      0      0      0 
    0      0      0      0      0      0      0 
    0      0      0      0      0      0      0 
    0      0      0      0      0      0      0 
    0      0      0      0      0      0      0 
    0      0      0      0      0      0      0 
    0      0      0      0      0      0      0 
    0      0      0      0      0      0      0 
    0      0      0      0      0      0      0 
    0      0      0      0      0      0      0 
    0      0      0      0      0      0      0 
    0      0      0      0      0      0      0 
    0      0      0      0      0      0      0 
    0      0      0      0      0      0      0 
    0      0      0      0      0      0      0 
    0      0      0      0      0      0      0 
    0      0      0      0      0      0      0 
    0      0      0      0      0      0      0 
    0      0      0      0      0      0      0 
    0      0      0      0      0      0      0 
    0      0      0      0      0      0      0 
    0      0      0      0      0      0      0 
    0      0      0      0      0      0      0 
    0      0      0      0      0      0      0 
    0      0      0      0      0      0      0 
    0      0      0      0      0      0      0 
    0      0      0      0      0      0      0 
    0      0      0      0      0      0      0 
    0     16      0      0      0      0      0 
    0     16      0      0      0      0      0 
    0     75     41      0      0      0      0 
    0    100     48      0      0      0      0 
    0      0      0      0      0      0      0 
    0     30     21      0      0      0      0 
    0     30     21      0      0      0      0 
    0     30     21      0      0      0      0 
    0    100     52      0      0      0      0 
    0     80     57      0      0      0      0 
    0    100     52      0      0      0      0 
    0     80     56      0      0      0      0 
# gpu     sm    mem    enc    dec    jpg    ofa 
# Idx      %      %      %      %      %      % 
    0      0      0      0      0      0      0 
    0      0      0      0      0      0      0 
