# gpu     sm    mem    enc    dec    jpg    ofa 
# Idx      %      %      %      %      %      % 
    0      0      0      0      0      0      0 
    0      0      0      0      0      0      0 
    0    100     44      0      0      0      0 
    0    100     43      0      0      0      0 
    0    100     43      0      0      0      0 
    0    100     46      0      0      0      0 
    0    100     46      0      0      0      0 
    0    100     46      0      0      0      0 
    0    100     42      0      0      0      0 
    0    100     43      0      0      0      0 
    0    100     42      0      0      0      0 
    0    100     46      0      0      0      0 
    0    100     46      0      0      0      0 
    0    100     48      0      0      0      0 
    0    100     48      0      0      0      0 
    0    100     48      0      0      0      0 
    0    100     48      0      0      0      0 
    0    100     48      0      0      0      0 
